N <- 11
x <- c(-10, -8, -6, -4, -2, 0, 2, 4, 6, 8, 10)
y <- c(4.75906, 1.59423, 2.99548, 5.27501, 1.66472, 2.24347,
       2.8914, 4.08681, 4.60588, 0.802364, 3.92136)
k <- c(40, 37, 29, 12, 4, 3, 9, 19, 77, 82, 33)
